filename                      	      file size	      comp size	     comp ratio	      comp time	    decomp size	   decomp ratio	    decomp time

trans                         
                        serial	          93695	          32241	     0.34410588	     0.00100500	          93695	     2.90608232	     0.00094500
                      parallel	          93695	          51978	     0.55475746	     0.00100100	          93695	     1.80258956	     0.00154200

paper4                        
                        serial	          13286	           8019	     0.60356767	     0.00017800	          13286	     1.65681506	     0.00014900
                      parallel	          13286	          10363	     0.77999398	     0.00112800	          13286	     1.28206118	     0.00109400

paper3                        
                        serial	          46526	          27177	     0.58412501	     0.00065000	          46526	     1.71196232	     0.00062400
                      parallel	          46526	          38130	     0.81954176	     0.00076200	          46526	     1.22019407	     0.00118300

news                          
                        serial	         377109	         215998	     0.57277339	     0.00376600	         377109	     1.74589117	     0.00293400
                      parallel	         377109	         178888	     0.47436683	     0.00035100	         377109	     2.10807321	     0.00047200

paper2                        
                        serial	          82199	          46599	     0.56690471	     0.00054700	          82199	     1.76396489	     0.00048100
                      parallel	          82199	          56031	     0.68165063	     0.00027100	          82199	     1.46702718	     0.00094700

book1                         
                        serial	         768771	         495312	     0.64429069	     0.00590400	         768771	     1.55209444	     0.00385700
                      parallel	         768771	         443510	     0.57690782	     0.00021500	         768771	     1.73337918	     0.00021800

geo                           
                        serial	         102400	         100499	     0.98143555	     0.00008200	         102400	     1.01891561	     0.00004300
                      parallel	         102400	         102669	     1.00262695	     0.00055500	         102400	     0.99737993	     0.00061400

obj2                          
                        serial	         246814	         117622	     0.47656130	     0.00094000	         246814	     2.09836595	     0.00072100
                      parallel	         246814	         131084	     0.53110439	     0.00023900	         246814	     1.88286900	     0.00024300

paper1                        
                        serial	          53161	          28072	     0.52805628	     0.00029100	          53161	     1.89373753	     0.00025200
                      parallel	          53161	          32563	     0.61253551	     0.00025200	          53161	     1.63255843	     0.00071200

progp                         
                        serial	          49379	          17296	     0.35027036	     0.00019500	          49379	     2.85493756	     0.00018200
                      parallel	          49379	          28550	     0.57818101	     0.00047600	          49379	     1.72956217	     0.00088100

paper5                        
                        serial	          11954	           7153	     0.59837711	     0.00007100	          11954	     1.67118691	     0.00005700
                      parallel	          11954	           9247	     0.77354860	     0.00059800	          11954	     1.29274359	     0.00056100

pic                           
                        serial	         513216	          87126	     0.16976478	     0.00084600	         513216	     5.89050341	     0.00073500
                      parallel	         513216	          75703	     0.14750709	     0.00020700	         513216	     6.77933503	     0.00049300

paper6                        
                        serial	          38105	          19561	     0.51334471	     0.00017000	          38105	     1.94800879	     0.00015000
                      parallel	          38105	          28633	     0.75142370	     0.00021100	          38105	     1.33080711	     0.00065300

progc                         
                        serial	          39611	          19736	     0.49824544	     0.00017600	          39611	     2.00704297	     0.00015300
                      parallel	          39611	          24588	     0.62073666	     0.00034400	          39611	     1.61098910	     0.00072500

progl                         
                        serial	          71646	          26586	     0.37107445	     0.00024600	          71646	     2.69487700	     0.00022200
                      parallel	          71646	          37518	     0.52365799	     0.00022300	          71646	     1.90964337	     0.00078200

bib                           
                        serial	         111261	          58272	     0.52374147	     0.00050000	         111261	     1.90933896	     0.00039300
                      parallel	         111261	          80752	     0.72578891	     0.00020400	         111261	     1.37781108	     0.00082900

obj1                          
                        serial	          21504	          12858	     0.59793527	     0.00007300	          21504	     1.67242184	     0.00005600
                      parallel	          21504	          14688	     0.68303571	     0.00062100	          21504	     1.46405229	     0.00048600

book2                         
                        serial	         610856	         331307	     0.54236514	     0.00274700	         610856	     1.84377632	     0.00237800
                      parallel	         610856	         314445	     0.51476125	     0.00022700	         610856	     1.94264816	     0.00021000

thread count:                