filename                      	      file size	      comp size	     comp ratio	      comp time	    decomp size	   decomp ratio	    decomp time

trans                         
                        serial	          93695	          32241	     0.34410588	     0.00099400	          93695	     2.90608232	     0.00094800
                      parallel	          93695	          54440	     0.58103421	     0.00275700	          93695	     1.72106907	     0.00230600

paper4                        
                        serial	          13286	           8019	     0.60356767	     0.00019700	          13286	     1.65681506	     0.00016800
                      parallel	          13286	          10449	     0.78646696	     0.00169800	          13286	     1.27150924	     0.00114900

paper3                        
                        serial	          46526	          27177	     0.58412501	     0.00074600	          46526	     1.71196232	     0.00038100
                      parallel	          46526	          35812	     0.76972016	     0.00128700	          46526	     1.29917346	     0.00142400

news                          
                        serial	         377109	         215998	     0.57277339	     0.00356200	         377109	     1.74589117	     0.00278500
                      parallel	         377109	         204487	     0.54224906	     0.00041300	         377109	     1.84417102	     0.00064900

paper2                        
                        serial	          82199	          46599	     0.56690471	     0.00051800	          82199	     1.76396489	     0.00045400
                      parallel	          82199	          59265	     0.72099417	     0.00035100	          82199	     1.38697376	     0.00099300

book1                         
                        serial	         768771	         495312	     0.64429069	     0.00509900	         768771	     1.55209444	     0.00431800
                      parallel	         768771	         455355	     0.59231553	     0.00028600	         768771	     1.68828936	     0.00027800

geo                           
                        serial	         102400	         100499	     0.98143555	     0.00012400	         102400	     1.01891561	     0.00006100
                      parallel	         102400	         102484	     1.00082031	     0.00113900	         102400	     0.99918036	     0.00093100

obj2                          
                        serial	         246814	         117622	     0.47656130	     0.00124100	         246814	     2.09836595	     0.00102000
                      parallel	         246814	         141863	     0.57477696	     0.00035300	         246814	     1.73980531	     0.00069300

paper1                        
                        serial	          53161	          28072	     0.52805628	     0.00032300	          53161	     1.89373753	     0.00028000
                      parallel	          53161	          34386	     0.64682756	     0.00069600	          53161	     1.54600710	     0.00092300

progp                         
                        serial	          49379	          17296	     0.35027036	     0.00016500	          49379	     2.85493756	     0.00014400
                      parallel	          49379	          28160	     0.57028291	     0.00041400	          49379	     1.75351562	     0.00081800

paper5                        
                        serial	          11954	           7153	     0.59837711	     0.00006200	          11954	     1.67118691	     0.00004900
                      parallel	          11954	           9295	     0.77756400	     0.00081900	          11954	     1.28606778	     0.00064500

pic                           
                        serial	         513216	          87126	     0.16976478	     0.00072700	         513216	     5.89050341	     0.00069300
                      parallel	         513216	          94861	     0.18483640	     0.00040900	         513216	     5.41018965	     0.00036600

paper6                        
                        serial	          38105	          19561	     0.51334471	     0.00015800	          38105	     1.94800879	     0.00013800
                      parallel	          38105	          26845	     0.70450072	     0.00050400	          38105	     1.41944496	     0.00093800

progc                         
                        serial	          39611	          19736	     0.49824544	     0.00016500	          39611	     2.00704297	     0.00014200
                      parallel	          39611	          26488	     0.66870314	     0.00103900	          39611	     1.49543189	     0.00090800

progl                         
                        serial	          71646	          26586	     0.37107445	     0.00024400	          71646	     2.69487700	     0.00020500
                      parallel	          71646	          36650	     0.51154286	     0.00060400	          71646	     1.95487040	     0.00092700

bib                           
                        serial	         111261	          58272	     0.52374147	     0.00046400	         111261	     1.90933896	     0.00042200
                      parallel	         111261	          84059	     0.75551181	     0.00028600	         111261	     1.32360604	     0.00111400

obj1                          
                        serial	          21504	          12858	     0.59793527	     0.00006700	          21504	     1.67242184	     0.00005200
                      parallel	          21504	          14657	     0.68159412	     0.00094100	          21504	     1.46714880	     0.00062600

book2                         
                        serial	         610856	         331307	     0.54236514	     0.00263200	         610856	     1.84377632	     0.00234100
                      parallel	         610856	         280066	     0.45848121	     0.00030800	         610856	     2.18111445	     0.00025100

thread count:               10