filename                              file-size       comp-size      comp-ratio       comp-time     decomp-size    decomp-ratio     decomp-time

trans
                        serial            93695           32241      0.34410588      0.00083690           93695      2.90608232      0.00064510
                      parallel            93695           39796      0.42473985      0.00156850           93695      2.35438235      0.00102210

paper4
                        serial            13286            8019      0.60356767      0.00005840           13286      1.65681506      0.00003710
                      parallel            13286           10171      0.76554268      0.00123850           13286      1.30626290      0.00053140

paper3
                        serial            46526           27177      0.58412501      0.00021380           46526      1.71196232      0.00016760
                      parallel            46526           31680      0.68090960      0.00118030           46526      1.46862374      0.00089600

news
                        serial           377109          215998      0.57277339      0.00268680          377109      1.74589117      0.00122270
                      parallel           377109          216852      0.57503799      0.00114120          377109      1.73901555      0.00034010

paper2
                        serial            82199           46599      0.56690471      0.00034410           82199      1.76396489      0.00030130
                      parallel            82199           51694      0.62888843      0.00120860           82199      1.59010717      0.00066120

book1
                        serial           768771          495312      0.64429069      0.00360050          768771      1.55209444      0.00282130
                      parallel           768771          495790      0.64491246      0.00088160          768771      1.55059804      0.00034320

geo
                        serial           102400          100499      0.98143555      0.00009280          102400      1.01891561      0.00004020
                      parallel           102400          102591      1.00186523      0.00117560          102400      0.99813824      0.00060570

obj2
                        serial           246814          117622      0.47656130      0.00078380          246814      2.09836595      0.00067330
                      parallel           246814          119318      0.48343287      0.00094910          246814      2.06853953      0.00056100

paper1
                        serial            53161           28072      0.52805628      0.00020590           53161      1.89373753      0.00018320
                      parallel            53161           32509      0.61151972      0.00092910           53161      1.63527023      0.00073450

progp
                        serial            49379           17296      0.35027036      0.00012880           49379      2.85493756      0.00012610
                      parallel            49379           21320      0.43176249      0.00099280           49379      2.31608818      0.00067820

paper5
                        serial            11954            7153      0.59837711      0.00003960           11954      1.67118691      0.00003280
                      parallel            11954            8834      0.73899950      0.00120220           11954      1.35318089      0.00077210

pic
                        serial           513216           87126      0.16976478      0.00107260          513216      5.89050341      0.00067000
                      parallel           513216           87135      0.16978231      0.00104420          513216      5.88989499      0.00035280

paper6
                        serial            38105           19561      0.51334471      0.00014410           38105      1.94800879      0.00012970
                      parallel            38105           23510      0.61697940      0.00117160           38105      1.62079966      0.00062260

progc
                        serial            39611           19736      0.49824544      0.00016550           39611      2.00704297      0.00014750
                      parallel            39611           23139      0.58415592      0.00100070           39611      1.71187173      0.00059460

progl
                        serial            71646           26586      0.37107445      0.00020940           71646      2.69487700      0.00019610
                      parallel            71646           29707      0.41463585      0.00099670           71646      2.41175481      0.00074240

bib
                        serial           111261           58272      0.52374147      0.00043180          111261      1.90933896      0.00038220
                      parallel           111261           65367      0.58751045      0.00126950          111261      1.70209739      0.00090850

obj1
                        serial            21504           12858      0.59793527      0.00006410           21504      1.67242184      0.00004370
                      parallel            21504           13955      0.64894903      0.00109920           21504      1.54095306      0.00051120

book2
                        serial           610856          331307      0.54236514      0.00242650          610856      1.84377632      0.00211100
                      parallel           610856          335267      0.54884785      0.00098070          610856      1.82199859      0.00030600

big1
                        serial          6488666         3837220      0.59137271      0.02673130         6488666      1.69098097      0.02622270
                      parallel          6488666         3840213      0.59183398      0.00133730         6488666      1.68966305      0.00052450

big4
                        serial        169492903        35478205      0.20931971      0.25244540       169492903      4.77738101      0.30978580
                      parallel        169492903        35490714      0.20939351      0.00133690       169492903      4.77569719      0.00077580

book3
                        serial           807239          483150      0.59852163      0.00476730          807239      1.67078340      0.00280250
                      parallel           807239          486715      0.60293792      0.00102860          807239      1.65854556      0.00028780

html
                        serial          1157856          389992      0.33682254      0.00250310         1157856      2.96892244      0.00207320
                      parallel          1157856          390210      0.33701082      0.00091220         1157856      2.96726378      0.00023750

thread-count:                8
