filename                              file-size       comp-size      comp-ratio       comp-time     decomp-size    decomp-ratio     decomp-time

trans
                        serial            93695           32241      0.34410588      0.00091080           93695      2.90608232      0.00053870
                      parallel            93695           39796      0.42473985      0.02410020           93695      2.35686975      0.00006090

paper4
                        serial            13286            8019      0.60356767      0.00006320           13286      1.65681506      0.00005210
                      parallel            13286           10171      0.76554268      0.00743330           13286      1.31167934      0.00002400

paper3
                        serial            46526           27177      0.58412501      0.01584690           46526      1.71196232      0.01581300
                      parallel            46526           31680      0.68090960      0.00785340           46526      1.47057336      0.00003680

news
                        serial           377109          215998      0.57277339      0.05853930          377109      1.74589117      0.00122650
                      parallel           377109          216852      0.57503799      0.00819300          377109      1.73935243      0.00028280

paper2
                        serial            82199           46599      0.56690471      0.00036940           82199      1.76396489      0.00032270
                      parallel            82199           51694      0.62888843      0.01587790           82199      1.59140014      0.00008160

book1
                        serial           768771          495312      0.64429069      0.06560830          768771      1.55209444      0.00284460
                      parallel           768771          495790      0.64491246      0.06802920          768771      1.55072940      0.00054120

geo
                        serial           102400          100499      0.98143555      0.00012040          102400      1.01891561      0.00003670
                      parallel           102400          102591      1.00186523      0.01931810          102400      0.99854704      0.00007780

obj2
                        serial           246814          117622      0.47656130      0.03329750          246814      2.09836595      0.00448820
                      parallel           246814          119318      0.48343287      0.00558870          246814      2.06926792      0.00022740

paper1
                        serial            53161           28072      0.52805628      0.01237910           53161      1.89373753      0.00019530
                      parallel            53161           32509      0.61151972      0.00377100           53161      1.63738565      0.00004120

progp
                        serial            49379           17296      0.35027036      0.00058420           49379      2.85493756      0.00015340
                      parallel            49379           21320      0.43176249      0.01728130           49379      2.32065984      0.00003230

paper5
                        serial            11954            7153      0.59837711      0.00015270           11954      1.67118691      0.00004440
                      parallel            11954            8834      0.73899950      0.01720810           11954      1.35964513      0.00005190

pic
                        serial           513216           87126      0.16976478      0.01636450          513216      5.89050341      0.01626610
                      parallel           513216           87135      0.16978231      0.00647540          513216      5.89273535      0.00020260

paper6
                        serial            38105           19561      0.51334471      0.00014280           38105      1.94800879      0.00013070
                      parallel            38105           23510      0.61697940      0.02481400           38105      1.62370036      0.00004400

progc
                        serial            39611           19736      0.49824544      0.01561990           39611      2.00704297      0.00016270
                      parallel            39611           23139      0.58415592      0.01737980           39611      1.71498463      0.00009010

progl
                        serial            71646           26586      0.37107445      0.01571720           71646      2.69487700      0.01572880
                      parallel            71646           29707      0.41463585      0.00431690           71646      2.41516939      0.00004500

bib
                        serial           111261           58272      0.52374147      0.00055340          111261      1.90933896      0.01127430
                      parallel           111261           65367      0.58751045      0.09303480          111261      1.70319173      0.01464410

obj1
                        serial            21504           12858      0.59793527      0.01528550           21504      1.67242184      0.00004790
                      parallel            21504           13955      0.64894903      0.00445800           21504      1.54560483      0.01480080

book2
                        serial           610856          331307      0.54236514      0.05639940          610856      1.84377632      0.00228690
                      parallel           610856          335267      0.54884785      0.04887890          610856      1.82222686      0.07495870

big1
                        serial          6488666         3837220      0.59137271      0.02780690         6488666      1.69098097      0.03655210
                      parallel          6488666         3840213      0.59183398      0.54406220         6488666      1.68968153      0.45375770

big4
                        serial        169492903        35478205      0.20931971      0.26870700       169492903      4.77738101      0.31823100
                      parallel        169492903        35490714      0.20939351      1.55534420       169492903      4.77570284      1.56713000

book3
                        serial           807239          483150      0.59852163      0.00349380          807239      1.67078340      0.00450400
                      parallel           807239          486715      0.60293792      0.02511090          807239      1.65868869      0.03097660

html
                        serial          1157856          389992      0.33682254      0.00251650         1157856      2.96892244      0.00291760
                      parallel          1157856          390210      0.33701082      0.08365070         1157856      2.96758319      0.01541780

thread-count:                8
