filename                              file-size       comp-size      comp-ratio       comp-time     decomp-size    decomp-ratio     decomp-time

trans
                        serial            93695           32241      0.34410588      0.00090010           93695      2.90608232      0.00049840
                      parallel            93695           39796      0.42473985      0.03170400           93695      2.35686975      0.00709680

paper4
                        serial            13286            8019      0.60356767      0.00005110           13286      1.65681506      0.00003790
                      parallel            13286           10171      0.76554268      0.00869450           13286      1.31167934      0.00138410

paper3
                        serial            46526           27177      0.58412501      0.00165110           46526      1.71196232      0.00018170
                      parallel            46526           31680      0.68090960      0.00798380           46526      1.47057336      0.00284500

news
                        serial           377109          215998      0.57277339      0.00147490          377109      1.74589117      0.00127180
                      parallel           377109          216852      0.57503799      0.04472030          377109      1.73935243      0.01293220

paper2
                        serial            82199           46599      0.56690471      0.00068040           82199      1.76396489      0.00089400
                      parallel            82199           51694      0.62888843      0.01808300           82199      1.59140014      0.00767100

book1
                        serial           768771          495312      0.64429069      0.00360220          768771      1.55209444      0.00287030
                      parallel           768771          495790      0.64491246      0.05923500          768771      1.55072940      0.05828280

geo
                        serial           102400          100499      0.98143555      0.00010050          102400      1.01891561      0.00003710
                      parallel           102400          102591      1.00186523      0.01059170          102400      0.99854704      0.00211010

obj2
                        serial           246814          117622      0.47656130      0.00081930          246814      2.09836595      0.00066140
                      parallel           246814          119318      0.48343287      0.02547750          246814      2.06926792      0.01432480

paper1
                        serial            53161           28072      0.52805628      0.00021910           53161      1.89373753      0.00019180
                      parallel            53161           32509      0.61151972      0.01629910           53161      1.63738565      0.00221480

progp
                        serial            49379           17296      0.35027036      0.00013930           49379      2.85493756      0.00013180
                      parallel            49379           21320      0.43176249      0.00667150           49379      2.32065984      0.00169680

paper5
                        serial            11954            7153      0.59837711      0.00004600           11954      1.67118691      0.00003400
                      parallel            11954            8834      0.73899950      0.00539050           11954      1.35964513      0.00126220

pic
                        serial           513216           87126      0.16976478      0.00339390          513216      5.89050341      0.00060810
                      parallel           513216           87135      0.16978231      0.02336420          513216      5.89273535      0.01152440

paper6
                        serial            38105           19561      0.51334471      0.00015220           38105      1.94800879      0.00012860
                      parallel            38105           23510      0.61697940      0.01101550           38105      1.62370036      0.00248420

progc
                        serial            39611           19736      0.49824544      0.00201310           39611      2.00704297      0.00013370
                      parallel            39611           23139      0.58415592      0.00816350           39611      1.71498463      0.00163190

progl
                        serial            71646           26586      0.37107445      0.00020920           71646      2.69487700      0.00019860
                      parallel            71646           29707      0.41463585      0.00756040           71646      2.41516939      0.00705060

bib
                        serial           111261           58272      0.52374147      0.00045560          111261      1.90933896      0.00038720
                      parallel           111261           65367      0.58751045      0.00981470          111261      1.70319173      0.00641010

obj1
                        serial            21504           12858      0.59793527      0.00006000           21504      1.67242184      0.00004280
                      parallel            21504           13955      0.64894903      0.00624320           21504      1.54560483      0.00422850

book2
                        serial           610856          331307      0.54236514      0.00258260          610856      1.84377632      0.00214500
                      parallel           610856          335267      0.54884785      0.05024250          610856      1.82222686      0.03988310

big1
                        serial          6488666         3837220      0.59137271      0.02758380         6488666      1.69098097      0.02667610
                      parallel          6488666         3840213      0.59183398      0.68834370         6488666      1.68968153      0.71602530

big4
                        serial        169492903        35478205      0.20931971      0.27380250       169492903      4.77738101      0.31986820
                      parallel        169492903        35490714      0.20939351      3.30525390       169492903      4.77570284      3.57083370

book3
                        serial           807239          483150      0.59852163      0.00358410          807239      1.67078340      0.00312330
                      parallel           807239          486715      0.60293792      0.07134770          807239      1.65868869      0.06647320

html
                        serial          1157856          389992      0.33682254      0.00258080         1157856      2.96892244      0.00220690
                      parallel          1157856          390210      0.33701082      0.06733840         1157856      2.96758319      0.06069330

thread-count:                8
